2019/04	70,393,711	7,821,523	70,393,711	FANCY
2019/05	14,112,684	1,568,076	84,506,395	FANCY
2018/11	86,557,893	3,329,150	86,557,893	YES OR YES
2018/12	28,128,697	907,377	114,686,590	YES OR YES
2019/01	21,223,290	684,622	135,909,880	YES OR YES
2019/02	15,614,652	557,666	151,524,532	YES OR YES
2019/03	12,842,798	414,284	164,367,330	YES OR YES
2019/04	10,042,537	334,751	174,409,867	YES OR YES
2019/05	1,859,890	206,654	176,269,757	YES OR YES
2016/10	29,720,174	3,302,242	29,720,174	TT
2016/11	39,022,983	1,300,766	68,743,157	TT
2016/12	30,075,831	970,188	98,818,988	TT
2017/01	25,861,976	834,257	124,680,964	TT
2017/02	22,892,506	817,590	147,573,470	TT
2017/03	20,936,521	675,372	168,509,991	TT
2017/04	17,117,313	570,577	185,627,304	TT
2017/05	18,168,995	586,097	203,796,299	TT
2017/06	17,350,657	578,355	221,146,956	TT
2017/07	18,220,575	587,760	239,367,531	TT
2017/08	15,368,908	495,771	254,736,439	TT
2017/09	11,269,061	375,635	266,005,500	TT
2017/10	11,680,730	376,798	277,686,230	TT
2017/11	12,596,776	419,893	290,283,006	TT
2017/12	14,717,290	474,751	305,000,296	TT
2018/01	13,085,087	422,100	318,085,383	TT
2018/02	10,526,453	375,945	328,611,836	TT
2018/03	10,413,467	335,918	339,025,303	TT
2018/04	10,884,111	362,804	349,909,414	TT
2018/05	9,264,383	298,851	359,173,797	TT
2018/06	9,746,607	324,887	368,920,404	TT
2018/07	11,902,387	383,948	380,822,791	TT
2018/08	11,495,623	370,827	392,318,414	TT
2018/09	11,407,179	380,239	403,725,593	TT
2018/10	7,522,230	242,653	411,247,823	TT
2018/11	7,800,892	260,030	419,048,715	TT
2018/12	7,508,816	242,220	426,557,531	TT
2019/01	7,581,944	244,579	434,139,475	TT
2019/02	6,540,990	233,607	440,680,465	TT
2019/03	6,329,260	204,170	447,009,725	TT
2019/04	5,965,893	198,863	452,975,618	TT
2019/05	1,638,331	182,037	454,613,949	TT
2017/10	18,486,719	9,243,360	18,486,719	LIKEY
2017/11	78,044,995	2,601,500	96,531,714	LIKEY
2017/12	43,918,687	1,416,732	140,450,401	LIKEY
2018/01	31,358,245	1,011,556	171,808,646	LIKEY
2018/02	23,383,182	835,114	195,191,828	LIKEY
2018/03	21,328,967	688,031	216,520,795	LIKEY
2018/04	19,300,726	643,358	235,821,521	LIKEY
2018/05	15,957,713	514,765	251,779,234	LIKEY
2018/06	15,611,242	520,375	267,390,476	LIKEY
2018/07	14,304,470	461,435	281,694,946	LIKEY
2018/08	12,538,355	404,463	294,233,301	LIKEY
2018/09	11,448,007	381,600	305,681,308	LIKEY
2018/10	10,631,302	342,945	316,312,610	LIKEY
2018/11	11,850,648	395,022	328,163,258	LIKEY
2018/12	11,479,252	370,298	339,642,510	LIKEY
2019/01	10,401,617	335,536	350,044,127	LIKEY
2019/02	8,720,375	311,442	358,764,502	LIKEY
2019/03	8,869,168	286,102	367,633,670	LIKEY
2019/04	7,109,420	236,981	374,743,090	LIKEY
2019/05	2,065,695	229,522	376,808,785	LIKEY
2016/04	13,206,885	1,886,698	13,206,885	CHEER UP
2016/05	25,808,160	832,521	39,015,045	CHEER UP
2016/06	15,716,093	523,870	54,731,138	CHEER UP
2016/07	12,588,383	406,077	67,319,521	CHEER UP
2016/08	9,991,964	322,321	77,311,485	CHEER UP
2016/09	7,939,011	264,634	85,250,496	CHEER UP
2016/10	9,165,680	295,667	94,416,176	CHEER UP
2016/11	10,712,578	357,086	105,128,754	CHEER UP
2016/12	12,187,357	393,141	117,316,111	CHEER UP
2017/01	12,118,902	390,932	129,435,013	CHEER UP
2017/02	11,371,042	406,109	140,806,055	CHEER UP
2017/03	12,095,506	390,178	152,901,561	CHEER UP
2017/04	10,560,505	352,017	163,462,066	CHEER UP
2017/05	11,402,498	367,823	174,864,564	CHEER UP
2017/06	10,692,158	356,405	185,556,722	CHEER UP
2017/07	11,731,939	378,450	197,288,661	CHEER UP
2017/08	10,505,736	338,895	207,794,397	CHEER UP
2017/09	6,903,403	230,113	214,697,800	CHEER UP
2017/10	6,824,227	220,136	221,522,027	CHEER UP
2017/11	7,248,449	241,615	228,770,476	CHEER UP
2017/12	8,274,200	266,910	237,044,676	CHEER UP
2018/01	8,126,649	262,150	245,171,325	CHEER UP
2018/02	6,636,624	237,022	251,807,949	CHEER UP
2018/03	6,826,672	220,215	258,634,621	CHEER UP
2018/04	6,675,596	222,520	265,310,217	CHEER UP
2018/05	5,803,291	187,203	271,113,508	CHEER UP
2018/06	5,814,508	193,817	276,928,016	CHEER UP
2018/07	6,207,299	200,235	283,135,315	CHEER UP
2018/08	5,603,638	180,763	288,738,953	CHEER UP
2018/09	5,561,512	185,384	294,300,465	CHEER UP
2018/10	5,043,089	162,680	299,343,554	CHEER UP
2018/11	5,628,457	187,615	304,972,011	CHEER UP
2018/12	5,335,354	172,108	310,307,365	CHEER UP
2019/01	5,832,481	188,145	316,139,846	CHEER UP
2019/02	5,741,956	205,070	321,881,802	CHEER UP
2019/03	5,744,485	185,306	327,626,287	CHEER UP
2019/04	4,646,373	154,879	332,272,660	CHEER UP
2019/05	1,355,743	150,638	333,628,403	CHEER UP
2015/10	6,754,663	519,589	6,754,663	Like OOH-AHH(OOH-AHH하게)
2015/11	7,609,121	253,637	14,363,784	Like OOH-AHH(OOH-AHH하게)
2015/12	8,266,716	266,668	22,630,500	Like OOH-AHH(OOH-AHH하게)
2016/01	9,991,912	322,320	32,622,412	Like OOH-AHH(OOH-AHH하게)
2016/02	8,964,627	309,125	41,587,039	Like OOH-AHH(OOH-AHH하게)
2016/03	7,827,435	252,498	49,414,474	Like OOH-AHH(OOH-AHH하게)
2016/04	7,346,884	244,896	56,761,358	Like OOH-AHH(OOH-AHH하게)
2016/05	9,599,255	309,653	66,360,613	Like OOH-AHH(OOH-AHH하게)
2016/06	7,880,942	262,698	74,241,555	Like OOH-AHH(OOH-AHH하게)
2016/07	6,937,629	223,794	81,179,184	Like OOH-AHH(OOH-AHH하게)
2016/08	5,741,918	185,223	86,921,102	Like OOH-AHH(OOH-AHH하게)
2016/09	4,770,890	159,030	91,691,992	Like OOH-AHH(OOH-AHH하게)
2016/10	5,871,668	189,409	97,563,660	Like OOH-AHH(OOH-AHH하게)
2016/11	7,593,501	253,117	105,157,161	Like OOH-AHH(OOH-AHH하게)
2016/12	8,499,694	274,184	113,656,855	Like OOH-AHH(OOH-AHH하게)
2017/01	8,957,350	288,947	122,614,205	Like OOH-AHH(OOH-AHH하게)
2017/02	8,497,430	303,480	131,111,635	Like OOH-AHH(OOH-AHH하게)
2017/03	9,673,282	312,041	140,784,917	Like OOH-AHH(OOH-AHH하게)
2017/04	8,410,630	280,354	149,195,547	Like OOH-AHH(OOH-AHH하게)
2017/05	9,212,078	297,164	158,407,625	Like OOH-AHH(OOH-AHH하게)
2017/06	9,073,665	302,456	167,481,290	Like OOH-AHH(OOH-AHH하게)
2017/07	10,028,559	323,502	177,509,849	Like OOH-AHH(OOH-AHH하게)
2017/08	9,052,406	292,013	186,562,255	Like OOH-AHH(OOH-AHH하게)
2017/09	6,525,309	217,510	193,087,564	Like OOH-AHH(OOH-AHH하게)
2017/10	6,788,937	218,998	199,876,501	Like OOH-AHH(OOH-AHH하게)
2017/11	6,792,266	226,409	206,668,767	Like OOH-AHH(OOH-AHH하게)
2017/12	8,134,848	262,414	214,803,615	Like OOH-AHH(OOH-AHH하게)
2018/01	8,357,284	269,590	223,160,899	Like OOH-AHH(OOH-AHH하게)
2018/02	6,386,658	228,095	229,547,557	Like OOH-AHH(OOH-AHH하게)
2018/03	3,383,506	109,145	232,931,063	Like OOH-AHH(OOH-AHH하게)
2018/04	3,194,866	106,496	236,125,929	Like OOH-AHH(OOH-AHH하게)
2018/05	2,884,785	93,058	239,010,714	Like OOH-AHH(OOH-AHH하게)
2018/06	2,736,667	91,222	241,747,381	Like OOH-AHH(OOH-AHH하게)
2018/07	3,411,273	110,041	245,158,654	Like OOH-AHH(OOH-AHH하게)
2018/08	6,978,367	225,109	252,137,021	Like OOH-AHH(OOH-AHH하게)
2018/09	5,768,097	192,270	257,905,118	Like OOH-AHH(OOH-AHH하게)
2018/10	6,291,069	202,938	264,196,187	Like OOH-AHH(OOH-AHH하게)
2018/11	7,288,306	242,944	271,484,493	Like OOH-AHH(OOH-AHH하게)
2018/12	5,948,830	191,898	277,433,323	Like OOH-AHH(OOH-AHH하게)
2019/01	6,320,198	203,877	283,753,521	Like OOH-AHH(OOH-AHH하게)
2019/02	5,701,815	203,636	289,455,336	Like OOH-AHH(OOH-AHH하게)
2019/03	5,433,907	175,287	294,889,243	Like OOH-AHH(OOH-AHH하게)
2019/04	4,995,069	166,502	299,884,312	Like OOH-AHH(OOH-AHH하게)
2019/05	1,531,543	170,171	301,415,855	Like OOH-AHH(OOH-AHH하게)
2018/04	77,247,348	3,511,243	77,247,348	What is Love?
2018/05	42,181,187	1,360,683	119,428,535	What is Love?
2018/06	25,904,371	863,479	145,332,906	What is Love?
2018/07	21,479,172	692,877	166,812,078	What is Love?
2018/08	16,408,105	529,294	183,220,183	What is Love?
2018/09	12,518,296	417,277	195,738,479	What is Love?
2018/10	13,600,275	438,719	209,338,754	What is Love?
2018/11	13,999,571	466,652	223,338,325	What is Love?
2018/12	15,907,706	513,152	239,246,031	What is Love?
2019/01	15,602,814	503,317	254,848,845	What is Love?
2019/02	12,407,851	443,138	267,256,696	What is Love?
2019/03	11,062,333	356,849	278,319,029	What is Love?
2019/04	9,851,525	328,384	288,170,554	What is Love?
2019/05	2,884,025	320,447	291,054,579	What is Love?
2017/12	71,531,969	3,406,284	71,531,969 Heart Shaker
2018/01	39,885,572	1,286,631	111,417,541 Heart Shaker
2018/02	24,441,984	872,928	135,859,525 Heart Shaker
2018/03	18,976,317	612,139	154,835,842 Heart Shaker
2018/04	18,030,512	601,017	172,866,354 Heart Shaker
2018/05	11,922,746	384,605	184,789,100 Heart Shaker
2018/06	11,376,772	379,226	196,165,872 Heart Shaker
2018/07	10,838,306	349,623	207,004,178 Heart Shaker
2018/08	9,561,399	308,432	216,565,577 Heart Shaker
2018/09	6,628,380	220,946	223,193,957 Heart Shaker
2018/10	5,766,530	186,017	228,960,487 Heart Shaker
2018/11	4,884,351	162,812	233,844,838 Heart Shaker
2018/12	5,169,941	166,772	239,014,779 Heart Shaker
2019/01	4,610,883	148,738	243,625,662 Heart Shaker
2019/02	6,018,943	214,962	249,644,605 Heart Shaker
2019/03	7,402,563	238,792	257,047,168 Heart Shaker
2019/04	6,408,263	213,609	263,455,431 Heart Shaker
2019/05	1,717,526	190,836	265,172,957 Heart Shaker
2017/02	37,590,671	3,759,067	37,590,671	KNOCK KNOCK
2017/03	32,688,972	1,054,483	70,279,643	KNOCK KNOCK
2017/04	19,302,371	643,412	89,582,014	KNOCK KNOCK
2017/05	16,431,456	530,047	106,013,470	KNOCK KNOCK
2017/06	11,498,968	383,299	117,512,438	KNOCK KNOCK
2017/07	10,651,208	343,587	128,163,646	KNOCK KNOCK
2017/08	8,771,479	282,951	136,935,125	KNOCK KNOCK
2017/09	6,197,113	206,570	143,132,238	KNOCK KNOCK
2017/10	6,091,917	196,513	149,224,155	KNOCK KNOCK
2017/11	5,895,015	196,500	155,119,170	KNOCK KNOCK
2017/12	6,993,028	225,582	162,112,198	KNOCK KNOCK
2018/01	6,427,288	207,332	168,539,486	KNOCK KNOCK
2018/02	5,293,852	189,066	173,833,338	KNOCK KNOCK
2018/03	6,766,570	218,276	180,599,908	KNOCK KNOCK
2018/04	6,265,263	208,842	186,865,171	KNOCK KNOCK
2018/05	3,989,674	128,699	190,854,845	KNOCK KNOCK
2018/06	4,042,826	134,761	194,897,671	KNOCK KNOCK
2018/07	4,522,250	145,879	199,419,921	KNOCK KNOCK
2018/08	4,483,565	144,631	203,903,486	KNOCK KNOCK
2018/09	3,054,362	101,812	206,957,848	KNOCK KNOCK
2018/10	2,939,093	94,809	209,896,941	KNOCK KNOCK
2018/11	3,009,849	100,328	212,906,790	KNOCK KNOCK
2018/12	2,908,710	93,829	215,815,500	KNOCK KNOCK
2019/01	2,625,681	84,699	218,441,181	KNOCK KNOCK
2019/02	2,099,325	74,976	220,540,506	KNOCK KNOCK
2019/03	2,871,438	92,627	223,411,944	KNOCK KNOCK
2019/04	3,013,230	100,441	226,425,174	KNOCK KNOCK
2019/05	882,663	98,074	227,307,837	KNOCK KNOCK
2017/05	38,816,177	2,283,305	38,816,177	SIGNAL
2017/06	28,140,134	938,004	66,956,311	SIGNAL
2017/07	20,273,905	653,997	87,230,216	SIGNAL
2017/08	13,478,408	434,787	100,708,624	SIGNAL
2017/09	8,527,870	284,262	109,236,494	SIGNAL
2017/10	8,063,000	260,097	117,299,494	SIGNAL
2017/11	7,664,029	255,468	124,963,523	SIGNAL
2017/12	8,398,795	270,929	133,362,318	SIGNAL
2018/01	8,168,678	263,506	141,530,996	SIGNAL
2018/02	6,491,495	231,839	148,022,491	SIGNAL
2018/03	6,458,996	208,355	154,481,487	SIGNAL
2018/04	6,008,213	200,274	160,489,700	SIGNAL
2018/05	5,011,959	161,676	165,501,659	SIGNAL
2018/06	4,843,769	161,459	170,345,428	SIGNAL
2018/07	5,116,765	165,057	175,462,193	SIGNAL
2018/08	4,294,990	138,548	179,757,183	SIGNAL
2018/09	3,653,906	121,797	183,411,089	SIGNAL
2018/10	3,706,879	119,577	187,117,968	SIGNAL
2018/11	4,015,951	133,865	191,133,919	SIGNAL
2018/12	3,848,497	124,145	194,982,416	SIGNAL
2019/01	4,113,537	132,695	199,095,953	SIGNAL
2019/02	3,774,453	134,802	202,870,406	SIGNAL
2019/03	3,406,873	109,899	206,277,279	SIGNAL
2019/04	3,017,232	100,574	209,294,511	SIGNAL
2019/05	915,117	101,680	210,209,628	SIGNAL
2018/07	68,676,620	2,985,940	68,676,620	Dance The Night Away
2018/08	27,852,167	898,457	96,528,787	Dance The Night Away
2018/09	16,259,853	541,995	112,788,640	Dance The Night Away
2018/10	12,181,665	392,957	124,970,305	Dance The Night Away
2018/11	10,559,885	351,996	135,530,190	Dance The Night Away
2018/12	8,062,282	260,074	143,592,472	Dance The Night Away
2019/01	7,561,501	243,919	151,153,973	Dance The Night Away
2019/02	6,861,021	245,036	158,014,994	Dance The Night Away
2019/03	6,051,437	195,208	164,066,431	Dance The Night Away
2019/04	5,170,078	172,336	169,236,509	Dance The Night Away
2019/05	1,698,658	188,740	170,935,167	Dance The Night Away
2018/01	23,002,000	1,095,333	23,002,000	Candy Pop
2018/02	16,306,521	582,376	39,308,521	Candy Pop
2018/03	10,383,195	334,942	49,691,716	Candy Pop
2018/04	8,787,129	292,904	58,478,845	Candy Pop
2018/05	9,134,603	294,665	67,613,448	Candy Pop
2018/06	6,223,151	207,438	73,836,599	Candy Pop
2018/07	3,258,918	105,126	77,095,517	Candy Pop
2018/08	3,013,862	97,221	80,109,379	Candy Pop
2018/09	3,503,487	116,783	83,612,866	Candy Pop
2018/10	2,922,667	94,280	86,535,533	Candy Pop
2018/11	2,605,886	86,863	89,141,419	Candy Pop
2018/12	2,868,480	92,532	92,009,899	Candy Pop
2019/01	2,643,887	85,287	94,653,786	Candy Pop
2019/02	2,165,118	77,326	96,818,904	Candy Pop
2019/03	1,609,845	51,930	98,428,749	Candy Pop
2019/04	1,617,711	53,924	100,046,460	Candy Pop
2019/05	395,014	43,890	100,441,474	Candy Pop
2018/04	8,289,807	1,184,258	8,289,807	Wake Me Up
2018/05	11,628,110	375,100	19,917,917	Wake Me Up
2018/06	4,957,951	165,265	24,875,868	Wake Me Up
2018/07	1,841,100	59,390	26,716,968	Wake Me Up
2018/08	1,764,478	56,919	28,481,446	Wake Me Up
2018/09	1,559,169	51,972	30,040,615	Wake Me Up
2018/10	2,134,629	68,859	32,175,244	Wake Me Up
2018/11	1,980,121	66,004	34,155,365	Wake Me Up
2018/12	1,676,306	54,074	35,831,671	Wake Me Up
2019/01	1,863,331	60,107	37,695,002	Wake Me Up
2019/02	1,498,269	53,510	39,193,271	Wake Me Up
2019/03	1,442,623	46,536	40,635,894	Wake Me Up
2019/04	1,339,955	44,665	41,975,849	Wake Me Up
2019/05	349,182	38,798	42,325,031	Wake Me Up
2018/08	13,934,715	870,920	13,934,715	BDZ
2018/09	8,774,402	292,480	22,709,117	BDZ
2018/10	3,458,049	111,550	26,167,166	BDZ
2018/11	1,888,544	62,951	28,055,710	BDZ
2018/12	1,655,602	53,407	29,711,312	BDZ
2019/01	1,981,110	63,907	31,692,422	BDZ
2019/02	1,386,033	49,501	33,078,455	BDZ
2019/03	1,672,311	53,946	34,750,766	BDZ
2019/04	1,501,124	50,037	36,251,890	BDZ
2019/05	364,455	40,495	36,616,345	BDZ
2018/06	10,964,485	644,970	10,964,485	I Want You Back
2018/07	4,928,094	158,971	15,892,579	I Want You Back
2018/08	3,621,221	116,814	19,513,800	I Want You Back
2018/09	2,113,716	70,457	21,627,516	I Want You Back
2018/10	1,579,027	50,936	23,206,543	I Want You Back
2018/11	1,388,575	46,286	24,595,118	I Want You Back
2018/12	1,121,498	36,177	25,716,616	I Want You Back
2019/01	1,247,802	40,252	26,964,418	I Want You Back
2019/02	959,691	34,275	27,924,109	I Want You Back
2019/03	940,377	30,335	28,864,486	I Want You Back
2019/04	922,252	30,742	29,786,738	I Want You Back
2019/05	238,700	26,522	30,025,438	I Want You Back









